Begining replay test sequence
Event Numbers
{
    { 5, 0, 0, 3, 0, 2, 2, 2, 4, 3, 2, 4, 2, 4, 2, 2, 0, 0, 2, 3},
    { 4, 2, 0, 0, 3, 4, 5, 3, 0, 4, 0, 4, 0, 3, 3, 3, 3, 2, 4, 0},
    { 1, 4, 2, 4, 4, 3, 0, 5, 4, 0, 3, 2, 0, 2, 2, 0, 0, 2, 0, 4},
    { 1, 3, 5, 0, 2, 3, 0, 4, 4, 0, 2, 3, 4, 3, 2, 0, 2, 4, 2, 0},
    { 3, 4, 3, 0, 2, 1, 5, 2, 4, 2, 0, 2, 4, 3, 2, 0, 2, 2, 3, 4},
    { 3, 2, 1, 4, 0, 4, 5, 2, 2, 0, 0, 0, 3, 0, 4, 3, 2, 4, 0, 0},
    { 4, 1, 4, 0, 0, 2, 0, 0, 5, 4, 4, 0, 0, 0, 3, 2, 4, 3, 4, 4},
    { 1, 5, 2, 0, 2, 3, 4, 3, 0, 2, 3, 2, 2, 4, 4, 3, 4, 4, 3, 3},
    { 0, 3, 5, 4, 4, 2, 0, 0, 3, 0, 2, 0, 0, 4, 3, 2, 3, 0, 4, 3},
    { 5, 4, 0, 3, 0, 2, 4, 0, 2, 2, 2, 0, 0, 2, 0, 3, 0, 3, 2, 0}
};
Batch Numbers
{
    { 1, 4, 14, 11, 13, 22, 10, 18, 18, 14, 17, 7, 11, 3, 25, 24, 18, 14, 23, 23},
    { 20, 7, 1, 23, 9, 2, 1, 26, 9, 5, 19, 6, 26, 16, 2, 21, 30, 14, 5, 28},
    { 1, 18, 25, 7, 7, 5, 25, 1, 16, 25, 21, 23, 21, 19, 29, 6, 3, 6, 8, 6},
    { 1, 23, 1, 1, 27, 7, 23, 19, 2, 8, 4, 6, 16, 21, 26, 2, 22, 6, 5, 24},
    { 12, 3, 13, 10, 13, 1, 1, 1, 18, 2, 19, 12, 16, 5, 2, 10, 1, 22, 27, 13},
    { 16, 1, 1, 19, 25, 13, 1, 12, 20, 27, 18, 13, 24, 26, 12, 9, 26, 18, 9, 22},
    { 2, 1, 16, 29, 20, 3, 6, 5, 1, 18, 10, 20, 15, 15, 11, 24, 20, 19, 7, 17},
    { 1, 1, 26, 16, 28, 23, 16, 14, 13, 11, 13, 22, 9, 20, 2, 3, 3, 20, 4, 21},
    { 8, 12, 1, 13, 11, 27, 19, 13, 28, 1, 10, 10, 5, 11, 8, 9, 23, 26, 3, 19},
    { 1, 19, 17, 3, 16, 26, 3, 29, 9, 24, 9, 7, 24, 18, 18, 11, 22, 27, 7, 16}
};
Priority Numbers
{
    { 3, 3, 9, 3, 1, 3, 9, 3, 3, 9, 9, 1, 9, 1, 3, 1, 9, 3, 3, 3},
    { 1, 3, 3, 1, 3, 9, 3, 9, 3, 1, 1, 3, 9, 1, 9, 9, 9, 3, 9, 1},
    { 9, 3, 1, 9, 1, 9, 1, 1, 1, 3, 3, 3, 1, 9, 9, 9, 1, 9, 3, 1},
    { 3, 1, 9, 9, 9, 9, 1, 1, 9, 9, 9, 3, 3, 3, 1, 3, 1, 9, 9, 3},
    { 1, 1, 1, 1, 1, 3, 1, 3, 9, 1, 9, 9, 1, 1, 1, 1, 3, 3, 9, 1},
    { 9, 1, 3, 1, 9, 1, 1, 9, 1, 1, 3, 1, 9, 3, 1, 3, 3, 9, 1, 3},
    { 1, 1, 3, 3, 3, 1, 1, 3, 9, 1, 1, 3, 9, 3, 1, 1, 1, 3, 1, 3},
    { 3, 3, 9, 1, 1, 3, 9, 3, 9, 1, 9, 9, 9, 9, 1, 3, 1, 9, 3, 9},
    { 3, 3, 1, 9, 1, 3, 9, 3, 1, 1, 3, 1, 1, 9, 9, 3, 9, 1, 1, 1},
    { 3, 1, 9, 3, 3, 1, 9, 3, 1, 9, 1, 1, 9, 9, 1, 9, 9, 3, 3, 9}
};
Delay Numbers
{
    { 105000.0, 158000.0, 127000.0, 135000.0, 153000.0, 185000.0, 122000.0, 116000.0, 159000.0, 186000.0, 163000.0, 137000.0, 104000.0, 152000.0, 164000.0, 140000.0, 122000.0, 155000.0, 116000.0, 112000.0},
    { 102000.0, 147000.0, 121000.0, 107000.0, 165000.0, 149000.0, 110000.0, 111000.0, 140000.0, 107000.0, 122000.0, 195000.0, 163000.0, 180000.0, 100000.0, 160000.0, 165000.0, 196000.0, 109000.0, 133000.0},
    { 162000.0, 194000.0, 191000.0, 187000.0, 108000.0, 171000.0, 187000.0, 121000.0, 183000.0, 141000.0, 146000.0, 118000.0, 157000.0, 101000.0, 165000.0, 107000.0, 157000.0, 151000.0, 102000.0, 171000.0},
    { 152000.0, 128000.0, 197000.0, 109000.0, 161000.0, 200000.0, 156000.0, 193000.0, 103000.0, 148000.0, 122000.0, 112000.0, 124000.0, 153000.0, 107000.0, 181000.0, 180000.0, 132000.0, 166000.0, 191000.0},
    { 124000.0, 199000.0, 148000.0, 172000.0, 132000.0, 194000.0, 118000.0, 129000.0, 185000.0, 187000.0, 196000.0, 143000.0, 157000.0, 110000.0, 134000.0, 199000.0, 168000.0, 150000.0, 108000.0, 139000.0},
    { 131000.0, 155000.0, 173000.0, 111000.0, 135000.0, 196000.0, 170000.0, 104000.0, 191000.0, 132000.0, 115000.0, 192000.0, 131000.0, 146000.0, 192000.0, 163000.0, 170000.0, 115000.0, 183000.0, 119000.0},
    { 146000.0, 139000.0, 124000.0, 173000.0, 115000.0, 163000.0, 131000.0, 135000.0, 120000.0, 163000.0, 112000.0, 170000.0, 133000.0, 111000.0, 147000.0, 122000.0, 149000.0, 180000.0, 194000.0, 135000.0},
    { 153000.0, 139000.0, 115000.0, 189000.0, 185000.0, 123000.0, 185000.0, 105000.0, 118000.0, 135000.0, 110000.0, 106000.0, 150000.0, 200000.0, 112000.0, 130000.0, 137000.0, 110000.0, 149000.0, 150000.0},
    { 102000.0, 102000.0, 153000.0, 197000.0, 154000.0, 119000.0, 145000.0, 200000.0, 167000.0, 136000.0, 191000.0, 107000.0, 173000.0, 193000.0, 143000.0, 146000.0, 157000.0, 135000.0, 141000.0, 110000.0},
    { 145000.0, 127000.0, 114000.0, 192000.0, 165000.0, 186000.0, 117000.0, 106000.0, 166000.0, 147000.0, 131000.0, 168000.0, 121000.0, 125000.0, 118000.0, 140000.0, 197000.0, 135000.0, 136000.0, 198000.0}
};
